288014580
1271502783
2146091021
701733612
2100417720
2005446271
287936724
1645988241
1611368074
1239314327
2054018728
1182269447
1522351885
1948034748
668218113
955093397
328493258
2060018140
821323044
298995166
1675360832
1439573492
1248199926
606656716
1694752924
103432687
1800676151
1567140012
944516383
2012681801
983083456
1639525466
1859367833
9327039
1305462000
696646118
1408135712
2062905478
449993866
178720623
228194184
421150459
1144605271
584867166
1068682938
233194998
1953135443
1642170672
1691014424
124945692
1387388476
660401455
1705419635
815889047
1559392450
1346301697
2130991371
496473740
1420227023
165573481
1689373615
1896717189
476379539
1752589401
1331803361
1933631883
682162630
744185150
1876348401
1082744912
980988281
1416860259
1477945800
1264284206
41145144
2008825982
331468813
4492727
673976429
1441656068
1500246301
1936150324
1597368531
1624918078
1932608412
1301108773
1121655582
2085452190
838057843
1130925138
2044002985
1352184907
610175030
1312944307
36452236
1297090350
1444061065
582630287
1640516482
1692485764
