1226003778
122795601
747208204
1180456642
1018256338
498173483
1148617067
1026038775
288119023
1927666227
1725344487
1589850488
732016511
822310392
532103589
1564878106
634702166
681086977
1777024717
51411780
822883034
288082676
1047968035
2043947326
1688442505
408232330
122047014
1443745726
1020528736
62864265
1993360054
114088562
843192637
524423955
1818273228
169840123
834331368
1432868515
495431238
101568525
1215586291
123065060
1691840476
1399202207
2016004716
1106432666
740038133
952467713
942280119
1911116423
2021614904
912958000
1838373753
359352111
543378816
171375817
913749915
1366527302
1524232837
1023100829
556952514
625523201
1846380419
1394463962
2036174864
1481019500
292696352
617626348
1156721631
727639970
25277306
1208564112
166575344
2057441869
1417927264
443261619
553044198
1007948401
1956003742
1298984761
1306106171
347021393
1831109870
999436972
216926967
1317798875
1522254686
1546434121
499262394
1798324980
1366086766
668134002
1071635751
833821155
830370997
862923045
625326952
1030567526
1857053628
1838471547
