1516516976
1792163948
560166936
619710024
104898765
11029733
1880432120
364692260
78917329
710899707
536866623
377830043
1685249383
117128103
27173409
374030047
345800133
231286309
300022966
32551504
43157405
52479620
66005707
336568666
1291917461
1416003471
303260086
578735149
505062346
1744645297
1209987993
527284948
1516609998
617420398
1730304304
1190148350
1464508804
1845501732
91643398
1281321476
1633205285
1948174206
506285144
198276411
2102959156
1904770109
690907610
1782312688
1040004108
1745408519
1555884376
775302679
1946590459
184838180
386231027
674930921
1154447068
575158480
1656586298
1290645049
1665477404
955593051
1095386467
1969557269
1062210253
483298609
661031469
1246141725
1501877346
915930525
1633632812
1500555758
1639397194
2141485354
1324431858
1609293258
568166144
1020457538
826961362
1826650811
484135652
431505657
340928222
304044731
1034073315
451680891
1695953758
442842646
183579596
875119801
51535934
943149052
1561252819
1314628006
159026578
1041319671
1057774634
1560481811
977172101
1603594283
