1728500176
472150310
7204717
1790889318
353031097
439454022
1481208494
2121192414
1059107764
1262228639
955661940
1183656532
1414750843
1894320011
1278692230
2001383179
1832588926
790309166
1893480371
777088150
217883397
367346731
1454293403
1188540532
319038458
1103466048
1543387843
670672032
254393671
6525212
3535442
1124241265
2144151950
743336863
369591948
1603373524
319035896
1852596558
409437443
1266915063
1847403607
968825127
1347921292
475196427
1423195962
739715002
211463374
1001547503
2113349433
142613768
2097397072
1231258527
2017588662
652243570
2005938998
914612029
1354240870
370231106
2091290428
128570104
983458756
1678636099
1242561118
744224031
1152042924
1449333633
179465619
2100392499
1747734148
1178785079
1855062593
1470343111
141218620
219006972
1997643450
1053505118
1713254289
1882666843
1498576939
679292201
2109370307
1420517452
389258498
2134462052
1171677708
2101841412
1044570552
2146384774
1288801330
1339177307
1898964486
986256291
285813931
442011853
1828242124
335214321
978352696
207294427
443042205
1457786864
