1305945546
1950282995
1300185913
932038308
1202177213
184494606
1858838875
1101518736
610041888
1884156026
1839129215
1540488979
1777386479
344827883
1415137443
431519896
2142299486
1036694064
984157082
1112035970
842354698
1023021533
583879486
1273134519
1071468588
98630560
1786193586
2042943299
1908255380
1792790815
21137793
375088746
560736928
1048481293
982749396
499850899
443685928
1378344518
1298396529
888937176
180134124
552511583
1043178388
1455547813
1873570090
553917313
1314575738
320483026
201834720
793945152
2096201927
1400113834
872308733
64102071
1777671542
597011570
317586135
1852914333
475607084
251810866
219253474
678556131
1295466314
1758920166
186066815
1946955039
903288972
1400879303
1591572514
1080501450
2053178284
40522244
1781145433
1078964206
1295590067
178037108
643223079
1148874708
1024824399
52216784
2133243547
924633224
118940098
1585591580
824784722
1622954480
1947167443
1810748289
1030516169
1038333507
1307152281
881636531
1320873635
180482692
235018946
306181145
186053821
1395322106
368358749
1568360295
