1532414176
766290420
1758805593
1978623521
426826930
1242919879
2004799510
1856936277
217667075
527005413
1312932522
1858775473
240702560
312450174
1380443433
34162425
741412166
2058704960
610814003
1442703442
1829309908
2013986517
1362365393
315053295
1998021483
1796642741
1572298560
2087295140
1585126990
33361282
756761360
276866837
1860829352
132169199
1291390799
1240242367
1763914627
1398415709
1017378979
874086814
2061261041
207967001
455122185
1529174649
1558531542
1560128514
715728705
887757323
1677715861
1784706011
1476055188
1755126136
1913751501
1810149823
1578158828
1260163705
552081954
1712567170
112772420
1892262849
137477314
897069969
1688745465
557833855
1572671024
1731426255
482592180
1446373393
1020718945
1139606142
299700763
1441041396
1923133181
465989832
308648707
528702339
1351130590
1043493646
2123811874
1606061071
422133504
417797274
750169257
480408128
2073293620
1952989722
690130626
1609120200
1148102343
1983862307
1362451087
1853662770
178719153
1783814552
1920886380
1151968719
1935428838
933439300
953515940
1191415585
