1820777378
364887352
963167946
640554751
1182026587
1694758832
2127718422
1518543595
2074001866
113471247
572692494
1303995281
545342313
421464936
94033123
1763459406
1474336441
1864316908
1852346794
477418699
1118323483
1201625314
226280074
826834102
1210961363
1295682779
1516549255
1465055604
784601366
991462327
524353983
224572760
913117092
1271260087
1579156021
1253643686
726513281
593000367
118847380
1166485035
1458438192
1139076217
1378085013
666798180
989739511
1062191636
1836925184
531595971
66326461
742108773
1101594095
1238889589
1480674907
181702076
1155083191
1411370364
1183841090
486047662
790388550
307217507
1293939488
795141694
1527088333
20272387
745533117
1631180467
648669125
395022879
626482893
897477755
1352306803
277273423
662382784
212626982
1194882217
1442971853
1255268672
564155556
628761962
773319605
396132824
191013850
576684393
1176567490
628796862
108725977
1530883255
1251676148
1237183971
273254007
1670111525
2044475098
776087930
1901834122
1005631048
117126912
215478589
1573637277
1670043254
1851192008
