1768572946
101078662
35116044
16896004
238415519
706401832
249728109
603291349
184919697
121477967
326115189
179740958
1487544394
696561017
1069770883
1510206721
1355992714
646639587
1191495404
955386062
1321117230
489621081
538621231
537473232
1551072654
305365361
1716372936
710592860
328015935
1400970090
1300696316
719958327
1461868854
231408620
114652269
894287430
1026070890
1047271821
662497897
1679534615
843120328
257093251
2023611625
733945988
456267609
1634660102
778866570
1603697238
2119656497
1433196144
1347859390
2126288699
98424791
1631912470
2014727167
982679982
1039396550
2076411543
731442293
1279000041
451610029
735248112
276699071
1004993003
159114041
247239842
716389166
1311710743
759772928
2060798617
1946207969
2079801284
2051945051
2134681672
308045325
436448848
393892833
1162056647
493540320
1619873933
1377147311
562905684
1928454638
586255132
780117191
2041967674
1747358701
1895535367
1289816460
162425869
2004843944
904723471
131125920
108115170
1493018261
1333585580
542456816
1356824390
1387696371
660733979
