1690272720
8906529
636050467
2031609897
557180338
906205838
913164785
1119052055
1080143259
1172276922
890568753
1875960007
1399393044
225960554
275883211
1456130484
1768258173
1181041647
1184548124
1607817418
783823619
1537197429
333062948
735884881
2034880819
1713041764
1365938558
1715645920
1079632344
2084229423
445524169
563434030
1030465548
979842666
1536976265
349975010
996714706
2099721950
1327983180
1674712129
21499619
1545306678
1871139249
827210027
501318419
1331049990
1363057232
890860516
46290769
2019311378
369335352
467208327
1824584841
2094387345
1739677193
348300419
228031248
1456052803
32070336
52161538
1583000372
1405734127
709564393
1703402029
936268283
1862219612
896967168
1026027439
603948268
1769803399
922592878
799919610
270150978
80360809
2125585080
760576861
516229829
1793460035
1526519533
546419490
1813778938
1239163006
472964638
997953031
1734546318
1357729190
1215868019
628213510
1554418121
2000495868
291330583
537936278
424350030
97727252
1820601718
2075216299
324888045
403161172
1039275340
347380191
