1435836691
434246022
1786997462
628605206
1688257853
1571442661
44434177
954314855
573571715
1036923885
737329649
119754171
1820130310
1361345774
383142783
290824278
797304353
1751319422
874574453
446608739
2074905248
1752245646
1241985584
82739503
752456532
1930244242
1413639374
887415227
77267500
1064091850
464383783
1838023129
1020156311
1045792798
460064798
1194723831
684305358
610142446
802930906
1510147252
1298078901
1308489440
1117341216
1678930025
665569699
1850662338
252276374
1178175609
1541949127
1982765574
659078170
1516970765
1635521080
529854547
2110211709
1441637324
845128463
11476889
1214375322
1449443376
1456819809
877404375
493884568
384646181
12158914
613422997
1496363919
1131482974
256850373
1605557711
274493008
1153490002
900082259
495443210
1954256383
510745711
278168680
1499857497
1411071876
1050995465
1288123401
1738618297
440792590
1977759979
364582508
2011158760
1637965504
1987503887
1396906728
295982391
258650894
222487801
1832022730
184632355
1897998087
2054420703
1580476768
1424048822
962418783
619981597
